0.000000
0.000000
0.000000
0.648894
0.876724
0.956717
0.984803
0.994664
0.998127
0.350448
0.771938
0.919926
0.322992
0.762298
0.916541
0.321803
0.761881
0.267501
0.742815
0.260807
0.740465
0.908876
0.319112
0.760936
0.267169
0.093805
0.032935
0.660458
0.231891
0.730312
0.905311
0.966754
0.988327
0.347008
0.121837
0.042778
0.015019
0.654167
0.229682
0.729537
0.905039
0.966658
0.988294
0.995890
0.349663
0.122769
0.691999
0.891859
0.962031
0.337775
0.118595
0.041639
0.014620
0.005133
0.650696
0.228463
0.080215
0.677058
0.886613
0.311295
0.109298
0.038375
0.013474
0.004731
0.650555
0.877308
0.956922
0.984875
0.994690
0.349242
0.122621
0.691947
0.891841
0.962025
0.337773
0.118594
0.690533
0.891344
0.312956
0.758775
0.915304
0.321369
0.761728
0.916341
0.970627
0.340793
0.768548
0.918736
0.322574
0.113258
0.039765
0.013962
0.653796
0.878446
0.308428
0.108291
0.686915
0.890074
0.961404
0.986449
0.995242
0.349436
0.771583
0.919801
0.971842
0.341220
0.119804
0.042064
0.014769
0.005185
0.001821
0.000639
0.649118
0.876803
0.956745
0.984813
0.994668
0.349234
0.771512
0.919776
0.322939
0.113386
0.688704
0.890702
0.312731
0.758696
0.915277
0.970253
0.989556
0.347439
0.121988
0.042831
0.663932
0.233111
0.081847
0.028737
0.658984
0.880267
0.309067
0.108515
0.686994
0.241208
0.084690
0.029735
0.659334
0.231496
0.081280
0.677432
0.237850
0.732405
0.906046
0.967012
0.988418
0.995933
0.349678
0.122774
0.043107
0.664029
0.233145
0.081859
0.677635
0.886816
0.311366
0.109323
0.038384
0.662371
0.881456
0.309485
0.108662
0.038152
0.662289
0.881428
0.309475
0.108658
0.038151
0.662289
0.232534
0.081644
0.677560
0.237895
0.083527
0.029327
0.659191
0.231446
0.730156
0.905256
0.317841
0.111596
0.039182
0.013757
0.653724
0.229527
0.080588
0.028295
0.009935
0.652382
0.877949
0.957147
0.336060
0.766887
0.918152
0.971263
0.341016
0.119733
0.690933
0.891485
0.961900
0.986623
0.995303
0.349457
0.771590
0.919804
0.322949
0.113389
0.039812
0.013978
0.653802
0.878448
0.308428
0.108291
0.686916
0.241180
0.084680
0.678625
0.238270
0.083658
0.678267
0.238144
0.083614
0.678251
0.887032
0.960336
0.337180
0.118386
0.041566
0.663488
0.232955
0.081792
0.677611
0.237914
0.083533
0.029329
0.010298
0.652509
0.229100
0.080438
0.028242
0.658810
0.880206
0.309046
0.757402
0.914822
0.970094
0.989500
0.347419
0.770875
0.919553
0.971754
0.341189
0.119794
0.690954
0.242598
0.085178
0.678800
0.887225
0.311510
0.109373
0.687295
0.241314
0.084727
0.678642
0.238275
0.732554
0.906098
0.318137
0.760594
0.267049
0.742656
0.260751
0.091551
0.681038
0.239117
0.083955
0.029477
0.659243
0.880358
0.957993
0.985251
0.994822
0.349288
0.771531
0.919783
0.971835
0.341217
0.119804
0.042064
0.014769
0.005185
0.001821
0.649533
0.876949
0.956796
0.984831
0.994674
0.998130
0.999343
0.350876
0.772088
0.919979
0.971904
0.990135
0.996536
0.998784
0.999573
0.999850
0.351054
0.123257
0.692170
0.891919
0.313158
0.109952
0.038605
0.013554
0.653653
0.229502
0.080579
0.028292
0.009933
0.003488
0.001225
0.649324
0.227982
0.080046
0.676998
0.237698
0.083457
0.029302
0.010288
0.652506
0.877993
0.957163
0.984959
0.994719
0.349252
0.771518
0.919779
0.971834
0.341217
0.768697
0.269894
0.094762
0.682165
0.888406
0.311925
0.758413
0.266283
0.093494
0.681720
0.239356
0.084039
0.029507
0.010360
0.652531
0.878002
0.957166
0.984961
0.345826
0.770315
0.919356
0.971686
0.990059
0.996510
0.998774
0.999570
0.350955
0.772116
0.271095
0.744077
0.261250
0.091726
0.681100
0.239138
0.083963
0.029480
0.010351
0.003634
0.650170
0.228279
0.080150
0.028141
0.009881
0.003469
0.001218
0.649322
0.227981
0.728939
0.255935
0.089860
0.680444
0.238908
0.732776
0.906176
0.318164
0.760603
0.267052
0.742658
0.260752
0.091552
0.032144
0.011286
0.652856
0.229222
0.729375
0.256088
0.738808
0.908294
0.318908
0.760864
0.267144
0.742690
0.909657
0.968280
0.339969
0.768259
0.918634
0.322538
0.113245
0.688655
0.890685
0.312725
0.109800
0.687445
0.890260
0.312576
0.109747
0.687427
0.241360
0.084743
0.678648
0.887171
0.311491
0.109367
0.687293
0.241313
0.084726
0.678642
0.887169
0.311491
0.758260
0.266230
0.742369
0.909544
0.319347
0.761018
0.916092
0.970539
0.340762
0.768538
0.918732
0.971466
0.341088
0.119758
0.690942
0.242594
0.085176
0.678800
0.238331
0.083679
0.678274
0.887040
0.311445
0.758244
0.266224
0.742367
0.909543
0.968240
0.988849
0.347191
0.121901
0.691694
0.242858
0.734163
0.257769
0.739398
0.908501
0.318980
0.111996
0.688216
0.890531
0.961565
0.337611
0.118537
0.690513
0.242443
0.085123
0.678781
0.887218
0.960402
0.337203
0.767288
0.918293
0.322418
0.113203
0.039746
0.662849
0.881624
0.958438
0.336513
0.118152
0.041484
0.663459
0.881838
0.958513
0.985434
0.345992
0.770374
0.919377
0.971693
0.990061
0.996510
0.998775
0.999570
0.350955
0.772116
0.271095
0.095183
0.033419
0.660628
0.880844
0.958164
0.985311
0.994843
0.998189
0.999364
0.999777
0.999922
0.351079
0.123266
0.043279
0.664090
0.233166
0.081866
0.028744
0.658986
0.880268
0.309067
0.108515
0.038100
0.662271
0.881421
0.309472
0.757552
0.265981
0.742281
0.260620
0.091505
0.032128
0.660174
0.880685
0.958108
0.336398
0.767005
0.269300
0.743447
0.261029
0.740543
0.908903
0.319121
0.112045
0.039340
0.013812
0.653743
0.878427
0.308421
0.108289
0.686915
0.241180
0.733574
0.257562
0.739326
0.908476
0.318971
0.760887
0.916046
0.321629
0.112926
0.039649
0.013921
0.653782
0.878441
0.957320
0.985015
0.994739
0.349259
0.122627
0.043055
0.015117
0.005308
0.001864
0.000654
0.649124
0.876805
0.956746
0.984813
0.994668
0.998128
0.999343
0.350875
0.123194
0.043254
0.015187
0.005332
0.001872
0.649551
0.876955
0.307904
0.757001
0.265788
0.742214
0.909490
0.968221
0.339948
0.119358
0.041907
0.663608
0.881891
0.309637
0.757609
0.266001
0.093395
0.032791
0.011513
0.004042
0.001419
0.649392
0.228006
0.080054
0.677001
0.237699
0.083458
0.678196
0.887013
0.960329
0.337178
0.118385
0.690460
0.891318
0.961841
0.986602
0.346402
0.770518
0.919427
0.971710
0.990067
0.347619
0.770945
0.270684
0.095039
0.682262
0.239547
0.084106
0.678424
0.238199
0.083633
0.029364
0.010310
0.003620
0.001271
0.649340
0.876881
0.307878
0.108098
0.686848
0.890050
0.961396
0.986446
0.995241
0.998329
0.999413
0.350900
0.772097
0.271088
0.095181
0.033419
0.660627
0.880844
0.309270
0.757480
0.914850
0.970103
0.340609
0.119590
0.041989
0.014743
0.654070
0.878542
0.957355
0.336133
0.766912
0.269268
0.094542
0.033194
0.011655
0.004092
0.001437
0.000504
0.649071
0.227893
0.080015
0.676987
0.886588
0.960180
0.986019
0.995091
0.349383
0.122670
0.043070
0.015122
0.654203
0.878589
0.308478
0.108308
0.686922
0.890076
0.961405
0.986449
0.995242
0.349436
0.122689
0.043077
0.664018
0.233141
0.730751
0.256571
0.090084
0.031629
0.011105
0.003899
0.650263
0.228311
0.729055
0.904870
0.317705
0.760442
0.915890
0.321575
0.761801
0.267473
0.742805
0.909697
0.319400
0.112143
0.688268
0.890549
0.312677
0.109783
0.038545
0.013534
0.653646
0.878393
0.957303
0.336115
0.118012
0.690329
0.891272
0.961825
0.986597
0.346400
0.121623
0.691597
0.891718
0.313088
0.109927
0.687490
0.241382
0.733645
0.257587
0.739334
0.908479
0.318972
0.111993
0.039321
0.013806
0.004847
0.650596
0.228428
0.729096
0.255990
0.089880
0.031557
0.659974
0.231721
0.081359
0.677459
0.237860
0.732408
0.906047
0.967012
0.988418
0.995933
0.349678
0.771668
0.919831
0.322958
0.113393
0.688707
0.241809
0.733795
0.906534
0.967183
0.988478
0.995955
0.349686
0.771671
0.270938
0.744022
0.261231
0.740614
0.908928
0.319130
0.112049
0.039341
0.013813
0.653744
0.878427
0.308421
0.108289
0.686915
0.890074
0.961404
0.986449
0.995242
0.349436
0.122689
0.043077
0.015125
0.654204
0.229695
0.080647
0.677210
0.237772
0.732377
0.257142
0.090284
0.680593
0.238960
0.083900
0.029458
0.010343
0.652525
0.229106
0.729334
0.904968
0.317740
0.111560
0.688063
0.241583
0.733715
0.906506
0.967174
0.988474
0.347059
0.770749
0.270615
0.095014
0.682254
0.888437
0.960830
0.337353
0.767341
0.918312
0.971319
0.989930
0.996464
0.998759
0.350670
0.772016
0.271060
0.095171
0.033415
0.660626
0.231950
0.730333
0.256424
0.738926
0.259441
0.091091
0.031983
0.011229
0.652837
0.229215
0.080479
0.677150
0.237752
0.732370
0.257140
0.090283
0.680593
0.887854
0.311731
0.109451
0.687323
0.890217
0.312561
0.758636
0.915256
0.970246
0.989553
0.347438
0.770882
0.270661
0.095031
0.682260
0.888439
0.311937
0.758417
0.915179
0.321325
0.761713
0.916336
0.970625
0.340792
0.768548
0.269842
0.743637
0.261096
0.091672
0.032187
0.011301
0.003968
0.001393
0.000489
0.000172
0.000060
0.648915
0.876732
0.956720
0.335910
0.117940
0.041410
0.663433
0.881829
0.309616
0.757602
0.914893
0.970118
0.340614
0.119592
0.690883
0.891467
0.313000
0.109896
0.038585
0.013547
0.653650
0.229501
0.729473
0.905016
0.317757
0.760460
0.267002
0.742640
0.909639
0.319380
0.761030
0.916096
0.970541
0.989657
0.347475
0.770894
0.270666
0.743926
0.261197
0.091708
0.032199
0.011305
0.652863
0.229224
0.729376
0.256088
0.089914
0.680463
0.887809
0.960609
0.986170
0.346250
0.770464
0.919409
0.971704
0.341171
0.119787
0.690952
0.891491
0.961902
0.337730
0.767473
0.918358
0.322441
0.113211
0.688643